17 111111 2610 15660
140 11111011 2685 21480
74 111110101 2654 23886
252 1111101001 2754 27540
5 1111101000 2660 26600
176 11111001 2596 20768
43 111110001 2620 23580
201 111110000 2747 24723
103 11110 2641 13205
66 11101 2636 13180
70 111001 2673 16038
77 111000 2682 16092
160 110111 2632 15792
39 1101101 2625 18375
81 11011001 2648 21184
214 110110001 2646 23814
166 110110000 2649 23841
159 110101 2659 15954
191 1101001 2669 18683
1 11010001 2644 21152
94 110100001 2602 23418
14 1101000001 2529 25290
62 1101000000 2588 25880
127 110011111 2588 23292
83 1100111101 2587 25870
177 11001111001 2655 29205
225 110011110001 2636 31632
46 110011110000 2704 32448
186 11001110 2707 21656
204 1100110 2675 18725
183 11001011 2795 22360
235 110010101 2631 23679
118 1100101001 2590 25900
220 1100101000 2590 25900
139 11001001 2661 21288
146 110010001 2638 23742
209 1100100001 2579 25790
246 11001000001 2621 28831
216 11001000000 2638 29018
132 110001 2668 16008
148 1100001 2615 18305
128 11000001 2652 21216
184 110000001 2691 24219
58 1100000001 2647 26470
203 1100000000 2668 26680
144 101111 2621 15726
33 1011101 2699 18893
145 10111001 2688 21504
36 101110001 2638 23742
11 1011100001 2582 25820
73 1011100000 2682 26820
57 1011011 2619 18333
80 10110101 2639 21112
101 101101001 2726 24534
18 1011010001 2626 26260
239 1011010000 2679 26790
75 1011001 2636 18452
181 10110001 2578 20624
53 101100001 2660 23940
158 1011000001 2536 25360
253 10110000001 2635 28985
2 10110000000 2649 29139
236 10101111 2652 21216
97 101011101 2633 23697
25 1010111001 2664 26640
251 1010111000 2667 26670
122 10101101 2643 21144
60 101011001 2606 23454
104 101011000 2649 23841
230 101010 2614 15684
147 101001 2573 15438
223 1010001 2619 18333
84 10100001 2571 20568
129 101000001 2561 23049
16 1010000001 2714 27140
150 10100000001 2679 29469
237 101000000001 2642 31704
238 101000000000 2671 32052
167 100111 2550 15300
100 1001101 2660 18620
102 10011001 2728 21824
249 100110001 2610 23490
56 100110000 2654 23886
153 100101 2631 15786
76 1001001 2679 18753
155 10010001 2635 21080
123 100100001 2620 23580
202 100100000 2537 22833
24 100011 2595 15570
114 1000101 2519 17633
192 10001001 2696 21568
143 100010001 2644 23796
152 1000100001 2587 25870
52 10001000001 2641 29051
110 10001000000 2646 29106
255 1000011 2565 17955
156 10000101 2650 21200
112 10000100 2614 20912
99 100000111 2695 24255
197 1000001101 2702 27020
106 10000011001 2673 29403
222 10000011000 2684 29524
85 10000010 2609 20872
9 100000011 2665 23985
4 100000010 2693 24237
96 100000001 2628 23652
105 1000000001 2692 26920
243 10000000001 2548 28028
125 10000000000 2600 28600
134 0111 2618 10472
130 011011 2590 15540
67 0110101 2663 18641
141 01101001 2671 21368
3 011010001 2577 23193
15 0110100001 2669 26690
240 01101000001 2642 29062
38 01101000000 2694 29634
98 0110011 2678 18746
161 01100101 2698 21584
170 011001001 2652 23868
49 0110010001 2698 26980
241 0110010000 2723 27230
42 0110001111 2593 25930
72 0110001110 2555 25550
174 0110001101 2609 26090
78 0110001100 2601 26010
116 01100010111 2553 28083
12 01100010110 2607 28677
188 0110001010 2573 25730
172 011000100 2677 24093
149 01100001 2651 21208
37 011000001 2624 23616
151 0110000001 2638 26380
79 01100000001 2654 29194
169 011000000001 2641 31692
250 0110000000001 2633 34229
228 01100000000001 2582 36148
92 01100000000000 2589 36246
19 010111 2586 15516
41 0101101 2609 18263
109 010110011 2612 23508
207 010110010 2657 23913
171 01011000 2638 21104
194 0101011 2643 18501
196 01010101 2496 19968
48 010101001 2708 24372
232 0101010001 2596 25960
200 0101010000 2663 26630
231 01010011 2607 20856
82 010100101 2666 23994
175 0101001001 2683 26830
87 01010010001 2652 29172
227 01010010000 2690 29590
193 01010001 2597 20776
90 01010000 2617 20936
32 010011 2691 16146
71 0100101 2686 18802
23 01001001 2739 21912
142 010010001 2622 23598
199 010010000 2623 23607
27 010001111 2636 23724
248 010001110 2654 23886
115 010001101 2653 23877
190 0100011001 2634 26340
61 01000110001 2592 28512
29 01000110000 2566 28226
13 01000101 2612 20896
30 010001001 2661 23949
221 010001000 2606 23454
55 0100001 2561 17927
59 010000011 2628 23652
242 0100000101 2649 26490
26 01000001001 2643 29073
28 010000010001 2629 31548
124 010000010000 2611 31332
180 010000001 2549 22941
187 01000000011 2646 29106
117 01000000010 2662 29282
95 01000000001 2773 30503
211 010000000001 2618 31416
157 0100000000001 2578 33514
154 0100000000000 2502 32526
35 001 2574 7722
135 00011111 2697 21576
86 000111101 2676 24084
205 000111100 2607 23463
138 00011101 2706 21648
20 000111001 2620 23580
173 000111000 2663 23967
88 0001101 2608 18256
234 0001100111 2641 26410
245 00011001101 2629 28919
189 00011001100 2634 28974
89 0001100101 2624 26240
21 00011001001 2543 27973
10 000110010001 2642 31704
126 0001100100001 2711 35243
6 0001100100000 2599 33787
44 0001100011 2594 25940
131 00011000101 2649 29139
65 000110001001 2684 32208
50 0001100010001 2630 34190
133 0001100010000 2680 34840
64 0001100001 2633 26330
34 0001100000 2649 26490
162 0001011 2615 18305
179 000101011 2682 24138
208 0001010101 2660 26600
215 00010101001 2660 29260
120 00010101000 2665 29315
136 000101001 2714 24426
137 0001010001 2678 26780
107 00010100001 2546 28006
68 00010100000 2738 30118
40 0001001 2619 18333
210 000100011 2640 23760
91 000100010 2676 24084
163 00010000111 2668 29348
164 000100001101 2666 31992
93 0001000011001 2629 34177
165 0001000011000 2689 34957
185 000100001011 2638 31656
45 000100001010 2653 31836
219 000100001001 2619 31428
0 0001000010001 2614 33982
244 00010000100001 2592 36288
254 00010000100000 2631 36834
119 000100000 2585 23265
206 000011 2698 16188
69 00001011 2655 21240
213 000010101 2577 23193
7 000010100 2691 24219
224 000010011 2637 23733
226 0000100101 2597 25970
113 00001001001 2533 27863
182 00001001000 2598 28578
212 000010001 2662 23958
22 00001000011 2639 29029
54 00001000010 2651 29161
51 00001000001 2651 29161
121 000010000001 2605 31260
217 000010000000 2618 31416
198 000001 2663 15978
229 00000011 2562 20496
233 0000001011 2669 26690
8 0000001010 2702 27020
111 0000001001 2703 27030
247 0000001000 2713 27130
47 000000011 2728 24552
218 0000000101 2564 25640
195 0000000100 2643 26430
31 000000001 2677 24093
168 0000000001 2639 26390
178 00000000001 2627 28897
63 000000000001 2629 31548
108 000000000000 2576 30912
=============================
72 111111 2655 15930
148 1111101 2603 18221
74 11111001 2682 21456
75 111110001 2579 23211
76 1111100001 2576 25760
24 1111100000 2702 27020
33 111101 2615 15690
241 1111001 2692 18844
102 11110001 2563 20504
171 11110000 2688 21504
9 1110111 2589 18123
13 11101101 2663 21304
28 11101100 2674 21392
71 1110101 2704 18928
154 11101001 2678 21424
1 1110100011 2655 26550
10 1110100010 2581 25810
187 111010000 2652 23868
213 11100 2676 13380
37 11011 2570 12850
165 1101011 2644 18508
206 11010101 2633 21064
40 11010100 2700 21600
99 11010011 2634 21072
174 110100101 2660 23940
124 1101001001 2655 26550
0 1101001000 2633 26330
217 110100011 2528 22752
210 110100010 2592 23328
235 110100001 2661 23949
60 110100000 2672 24048
168 1100111 2639 18473
19 1100110 2567 17969
136 1100101 2590 18130
3 11001001 2653 21224
231 11001000 2654 21232
164 1100011 2520 17640
114 11000101 2637 21096
81 110001001 2657 23913
88 1100010001 2712 27120
54 11000100001 2609 28699
109 11000100000 2622 28842
131 11000011 2649 21192
57 110000101 2616 23544
209 110000100 2686 24174
115 11000001 2630 21040
185 110000001 2633 23697
173 1100000001 2581 25810
189 11000000001 2617 28787
220 110000000001 2577 30924
254 110000000000 2619 31428
64 101111 2577 15462
20 101110 2739 16434
167 1011011 2589 18123
179 10110101 2600 20800
245 101101001 2611 23499
29 101101000 2612 23508
216 10110011 2692 21536
215 10110010 2700 21600
181 10110001 2615 20920
239 101100001 2595 23355
25 101100000 2628 23652
66 101011 2603 15618
7 1010101 2641 18487
149 10101001 2654 21232
128 101010001 2655 23895
178 1010100001 2624 26240
69 10101000001 2670 29370
151 101010000001 2690 32280
152 1010100000001 2626 34138
157 10101000000001 2575 36050
5 10101000000000 2723 38122
84 1010011 2653 18571
134 1010010 2660 18620
130 1010001111 2669 26690
90 1010001110 2698 26980
59 1010001101 2531 25310
39 1010001100 2573 25730
218 10100010 2686 21488
142 101000011 2579 23211
129 101000010 2584 23256
45 101000001 2644 23796
6 1010000001 2608 26080
163 10100000001 2667 29337
175 101000000001 2646 31752
176 1010000000001 2637 34281
249 1010000000000 2654 34502
140 1001 2648 10592
83 10001 2659 13295
91 1000011 2555 17885
195 1000010 2623 18361
38 10000011 2605 20840
52 10000010 2656 21248
18 10000001 2567 20536
118 10000000 2728 21824
68 01111 2581 12905
146 011101 2641 15846
145 01110011 2676 21408
35 011100101 2658 23922
225 0111001001 2605 26050
26 0111001000 2666 26660
159 01110001 2619 20952
162 011100001 2591 23319
205 0111000001 2680 26800
203 0111000000 2618 26180
65 0110111 2580 18060
105 0110110 2676 18732
127 01101011 2617 20936
11 01101010 2703 21624
144 01101001 2695 21560
89 011010001 2544 22896
184 0110100001 2664 26640
200 01101000001 2677 29447
14 0110100000011 2666 34658
221 0110100000010 2609 33917
56 011010000000 2600 31200
193 011001 2612 15672
31 0110001 2577 18039
212 01100001 2630 21040
49 0110000011 2695 26950
4 01100000101 2643 29073
46 01100000100 2648 29128
183 0110000001 2678 26780
201 01100000001 2672 29392
44 011000000001 2601 31212
126 0110000000001 2662 34606
62 0110000000000 2665 34645
236 010111 2668 16008
86 0101101 2583 18081
253 01011001 2671 21368
250 01011000 2650 21200
23 010101 2630 15780
97 0101001 2521 17647
199 01010001 2616 20928
55 010100001 2537 22833
202 010100000 2655 23895
139 01001111 2562 20496
153 010011101 2611 23499
196 0100111001 2621 26210
123 01001110001 2663 29293
22 01001110000 2634 28974
112 01001101 2576 20608
103 010011001 2703 24327
180 0100110001 2670 26700
110 01001100001 2627 28897
12 01001100000 2634 28974
242 01001011 2589 20712
27 01001010111 2615 28765
224 01001010110 2622 28842
93 01001010101 2714 29854
182 010010101001 2570 30840
238 0100101010001 2552 33176
2 0100101010000 2563 33319
141 010010100 2600 23400
32 010010011 2706 24354
135 0100100101 2642 26420
67 01001001001 2638 29018
21 010010010001 2631 31572
77 010010010000 2604 31248
133 010010001 2634 23706
73 0100100001 2683 26830
223 010010000011 2622 31464
190 010010000010 2715 32580
117 01001000000 2670 29370
15 010001 2573 15438
137 0100001 2637 18459
170 0100000111 2721 27210
132 01000001101 2738 30118
147 010000011001 2608 31296
92 0100000110001 2766 35958
122 01000001100001 2698 37772
234 01000001100000 2741 38374
233 010000010 2699 24291
120 01000000 2679 21432
16 0011 2626 10504
63 001011 2666 15996
50 001010 2705 16230
150 001001 2560 15360
87 00100011 2607 20856
107 001000101 2625 23625
116 0010001001 2635 26350
53 00100010001 2671 29381
138 001000100001 2675 32100
17 0010001000001 2692 34996
191 00100010000001 2636 36904
94 001000100000001 2639 39585
252 001000100000000 2682 40230
208 0010000111 2656 26560
226 00100001101 2589 28479
228 001000011001 2580 30960
214 001000011000 2555 30660
194 0010000101 2643 26430
98 00100001001 2640 29040
227 001000010001 2606 31272
230 001000010000 2632 31584
207 001000001 2586 23274
41 001000000 2653 23877
100 0001111 2605 18235
42 00011101 2636 21088
43 000111001 2618 23562
36 0001110001 2674 26740
95 00011100001 2657 29227
96 000111000001 2637 31644
8 000111000000 2678 32136
192 0001101 2620 18340
197 00011001 2635 21080
34 000110001 2661 23949
70 0001100001 2694 26940
143 00011000001 2653 29183
113 00011000000 2678 29458
104 0001011 2652 18564
244 00010101 2624 20992
155 000101001 2703 24327
61 00010100011 2664 29304
48 00010100010 2687 29557
101 00010100001 2624 28864
204 000101000001 2632 31584
121 000101000000 2659 31908
106 0001001 2700 18900
255 000100011 2574 23166
156 000100010 2649 23841
47 0001000011 2644 26440
186 0001000010 2733 27330
211 0001000001 2627 26270
246 000100000011 2601 31212
30 000100000010 2654 31848
251 00010000000 2666 29326
82 0000111 2676 18732
240 00001101 2644 21152
158 0000110011 2634 26340
78 0000110010 2609 26090
79 0000110001 2633 26330
177 00001100001 2613 28743
243 000011000001 2595 31140
58 000011000000 2612 31344
166 000010 2644 15864
85 00000111 2567 20536
188 000001101 2600 23400
222 000001100 2679 24111
248 00000101 2639 21112
229 0000010011 2570 25700
237 0000010010 2683 26830
198 0000010001 2712 27120
172 00000100001 2611 28721
232 000001000001 2676 32112
119 000001000000 2676 32112
111 00000011 2612 20896
80 000000101 2652 23868
51 0000001001 2722 27220
125 00000010001 2668 29348
108 00000010000 2571 28281
219 000000011 2668 24012
169 000000010 2607 23463
160 000000001 2730 24570
161 0000000001 2571 25710
247 0000000000 2651 26510
=============================
99 11111 2620 13100
163 111101 2602 15612
181 1111001 2639 18473
2 11110001 2608 20864
234 11110000 2648 21184
97 111011 2662 15972
8 111010 2658 15948
216 111001 2652 15912
37 1110001 2667 18669
90 11100001 2665 21320
124 111000001 2726 24534
46 1110000001 2630 26300
93 1110000000 2587 25870
142 11011 2620 13100
104 1101011 2600 18200
205 1101010 2622 18354
194 1101001 2601 18207
170 11010001 2630 21040
164 11010000 2580 20640
148 1100111 2624 18368
206 1100110 2632 18424
208 1100101 2596 18172
179 110010011 2679 24111
102 1100100101 2627 26270
117 11001001001 2649 29139
126 110010010001 2641 31692
30 110010010000 2640 31680
219 11001000 2690 21520
45 110001111 2667 24003
245 1100011101 2557 25570
236 11000111001 2578 28358
61 11000111000 2610 28710
214 110001101 2564 23076
14 110001100 2593 23337
78 11000101 2626 21008
243 11000100 2683 21464
215 11000011 2654 21232
41 110000101 2765 24885
57 11000010011 2600 28600
242 11000010010 2733 30063
165 11000010001 2585 28435
29 11000010000 2709 29799
111 11000001 2640 21120
133 1100000011 2665 26650
112 11000000101 2586 28446
228 11000000100 2660 29260
248 11000000011 2646 29106
201 11000000010 2664 29304
186 11000000001 2611 28721
20 110000000001 2628 31536
190 1100000000001 2609 33917
0 11000000000001 2563 35882
246 11000000000000 2585 36190
169 101111 2695 16170
53 10111011 2602 20816
241 10111010 2696 21568
227 10111001 2578 20624
22 101110001 2585 23265
62 101110000 2695 24255
155 1011011 2602 18214
18 10110101 2604 20832
92 101101001 2599 23391
187 1011010001 2634 26340
252 10110100001 2620 28820
237 10110100000 2587 28457
36 101100 2673 16038
168 101011 2591 15546
200 101010111 2634 23706
113 101010110 2663 23967
42 101010101 2690 24210
204 101010100 2692 24228
244 1010100 2559 17913
43 1010011 2585 18095
64 10100101 2607 20856
55 101001001 2617 23553
144 101001000 2619 23571
134 10100011 2665 21320
223 101000101 2600 23400
139 101000100 2619 23571
52 1010000 2611 18277
196 1001111 2655 18585
173 1001110 2719 19033
151 1001101 2598 18186
160 1001100 2638 18466
15 1001011 2619 18333
34 10010101 2659 21272
140 10010100 2695 21560
180 1001001 2669 18683
75 100100011 2658 23922
60 1001000101 2670 26700
118 1001000100 2646 26460
177 100100001 2690 24210
106 1001000001 2680 26800
188 1001000000 2728 27280
128 100011 2644 15864
66 1000101 2642 18494
71 10001001 2589 20712
48 10001000 2614 20912
44 1000011 2588 18116
157 1000010 2593 18151
178 10000011 2640 21120
210 100000101 2629 23661
224 10000010011 2702 29722
31 100000100101 2668 32016
137 1000001001001 2684 34892
33 1000001001000 2755 35815
108 1000001000 2692 26920
120 10000001 2541 20328
233 10000000 2595 20760
145 0111 2649 10596
146 0110111 2673 18711
116 01101101 2615 20920
147 01101100 2640 21120
213 011010 2570 15420
88 011001 2651 15906
221 011000 2767 16602
141 0101 2546 10184
80 0100111 2622 18354
21 01001101 2673 21384
98 01001100 2680 21440
83 010010111 2620 23580
240 0100101101 2591 25910
23 0100101100 2700 27000
159 010010101 2713 24417
184 0100101001 2601 26010
79 0100101000 2650 26500
152 010010011 2680 24120
235 0100100101 2606 26060
153 0100100100 2696 26960
255 010010001 2558 23022
5 0100100001 2644 26440
230 0100100000 2657 26570
17 010001 2676 16056
76 01000011 2655 21240
35 0100001011 2654 26540
226 01000010101 2632 28952
122 01000010100 2660 29260
167 0100001001 2642 26420
58 010000100011 2591 31092
26 010000100010 2651 31812
217 01000010000 2645 29095
63 0100000111 2686 26860
136 01000001101 2615 28765
232 010000011001 2612 31344
56 010000011000 2538 30456
77 0100000101 2646 26460
202 01000001001 2629 28919
174 010000010001 2525 30300
253 0100000100001 2711 35243
254 0100000100000 2713 35269
50 0100000011 2664 26640
73 01000000101 2640 29040
115 010000001001 2625 31500
247 010000001000 2708 32496
207 01000000011 2664 29304
220 010000000101 2579 30948
54 010000000100 2680 32160
182 01000000001 2644 29084
81 01000000000 2537 27907
67 0011111 2599 18193
114 00111101 2544 20352
27 00111100 2579 20632
231 00111011 2580 20640
127 00111010 2669 21352
24 00111001 2698 21584
13 001110001 2622 23598
239 001110000 2645 23805
131 0011011 2627 18389
69 00110101 2698 21584
96 00110100 2718 21744
191 00110011 2667 21336
212 00110010 2690 21520
1 00110001 2648 21184
125 001100001 2654 23886
238 0011000001 2591 25910
110 0011000000 2567 25670
199 001011 2622 15732
9 001010 2668 16008
51 0010011 2678 18746
38 00100101 2651 21208
154 00100100 2602 20816
229 00100011 2666 21328
84 00100010 2619 20952
209 00100001 2730 21840
4 001000001 2619 23571
251 0010000001 2542 25420
6 0010000000 2702 27020
11 0001111 2638 18466
225 00011101 2647 21176
103 000111001 2621 23589
250 0001110001 2664 26640
249 0001110000 2643 26430
68 000110111 2660 23940
203 0001101101 2631 26310
100 0001101100 2557 25570
85 00011010 2702 21616
16 000110011 2537 22833
193 000110010 2615 23535
121 000110001 2644 23796
12 000110000 2703 24327
65 000101111 2642 23778
7 0001011101 2655 26550
143 0001011100 2679 26790
95 0001011011 2603 26030
211 0001011010 2751 27510
39 0001011001 2633 26330
175 00010110001 2632 28952
185 000101100001 2625 31500
119 000101100000 2678 32136
132 00010101 2585 20680
150 00010100 2688 21504
109 0001001 2740 19180
183 0001000111 2656 26560
91 00010001101 2633 28963
123 000100011001 2647 31764
156 000100011000 2529 30348
89 0001000101 2755 27550
107 00010001001 2657 29227
222 000100010001 2613 31356
218 000100010000 2551 30612
162 0001000011 2557 25570
176 00010000101 2552 28072
192 00010000100111 2689 37646
3 00010000100110 2718 38052
149 00010000100101 2686 37604
86 000100001001001 2639 39585
28 0001000010010001 2642 42272
94 0001000010010000 2648 42368
59 0001000010001 2633 34229
19 00010000100001 2641 36974
105 000100001000001 2607 39105
40 000100001000000 2669 40035
129 0001000001 2546 25460
32 00010000001 2606 28666
138 000100000001 2541 30492
70 0001000000001 2616 34008
72 00010000000001 2584 36176
166 00010000000000 2660 37240
25 000011 2671 16026
171 0000101 2672 18704
49 00001001 2601 20808
82 000010001 2653 23877
74 0000100001 2656 26560
197 0000100000 2714 27140
101 000001 2672 16032
130 00000011 2654 21232
135 000000101 2572 23148
198 0000001001 2614 26140
47 0000001000 2588 25880
87 000000011 2709 24381
172 0000000101 2653 26530
158 0000000100 2634 26340
161 000000001 2580 23220
189 00000000011 2604 28644
10 00000000010 2617 28787
195 0000000000 2731 27310
2378816
117.4098 % 
